Ŀ
           室         
              
Ĵ
 000001              28510.00 
 000002             110395.00 
 000003              50550.00 
 000005               6975.00 
 000006              44555.00 
 000007              25645.00 
 000008               7823.00 
 000009              12360.00 
 000010              14375.00 
 000011               5300.00 
 000012               5470.00 
 000013              22480.00 
 000014              11150.00 
 000015              11800.00 
 000016              26500.00 
 000017               3600.00 
